start=2.628000
volume=120.000000
