start=2799.964000
volume=100.120018
panscan=0.200000
