start=2813.894000
volume=100.480026
