start=2988.402000
contrast=-1.000000
